[[0.68314, 2.80877, 2.25716, 0.04967],
[0.69279, 2.69702, 2.29051, 0.04897],
[0.70903, 2.58589, 2.13391, 0.05263],
[0.73159, 2.47566, 1.97355, 0.05701],
[0.7602, 2.36656, 1.80203, 0.06259],
[0.79479, 2.25883, 1.58173, 0.07153],
[0.83531, 2.15275, 1.55328, 0.07311],
[0.88261, 2.04887, 1.55328, 0.07348],
[0.93764, 1.94799, 1.55328, 0.07398],
[1.00161, 1.8513, 1.55328, 0.07464],
[1.07611, 1.7606, 1.55328, 0.07556],
[1.16374, 1.67942, 1.55328, 0.0769],
[1.26415, 1.6102, 2.10469, 0.05795],
[1.37125, 1.54831, 2.37139, 0.05216],
[1.48362, 1.49259, 2.66986, 0.04698],
[1.60023, 1.44197, 3.05041, 0.04168],
[1.72028, 1.3954, 3.58077, 0.03596],
[1.84301, 1.35184, 4.0, 0.03256],
[1.96764, 1.31025, 4.0, 0.03285],
[2.09321, 1.26959, 4.0, 0.033],
[2.22447, 1.22636, 4.0, 0.03455],
[2.35564, 1.18252, 4.0, 0.03457],
[2.48673, 1.13824, 4.0, 0.03459],
[2.61778, 1.09365, 4.0, 0.0346],
[2.74879, 1.04892, 4.0, 0.03461],
[2.87979, 1.00408, 4.0, 0.03461],
[3.01027, 0.95934, 4.0, 0.03448],
[3.13895, 0.91577, 3.90568, 0.03479],
[3.2664, 0.87367, 3.62993, 0.03698],
[3.39296, 0.83333, 3.43796, 0.03864],
[3.51883, 0.79514, 3.35484, 0.03921],
[3.64418, 0.75948, 3.31438, 0.03932],
[3.7691, 0.72671, 3.08055, 0.04192],
[3.89367, 0.69723, 2.86609, 0.04467],
[4.01795, 0.67144, 2.60053, 0.04881],
[4.14198, 0.64965, 2.29131, 0.05496],
[4.26579, 0.63196, 2.16471, 0.05778],
[4.3894, 0.6184, 2.16471, 0.05744],
[4.51279, 0.60952, 2.16471, 0.05715],
[4.63592, 0.60599, 2.16471, 0.05691],
[4.75872, 0.60888, 2.16471, 0.05674],
[4.881, 0.61999, 2.16471, 0.05672],
[5.00251, 0.64035, 2.34003, 0.05265],
[5.12312, 0.66869, 2.4994, 0.04957],
[5.24277, 0.70412, 2.6576, 0.04695],
[5.36141, 0.74593, 2.73697, 0.04596],
[5.47892, 0.79385, 2.80447, 0.04525],
[5.59522, 0.84772, 2.86928, 0.04467],
[5.71016, 0.90737, 2.92853, 0.04422],
[5.82363, 0.97267, 2.9407, 0.04452],
[5.93542, 1.04369, 3.07265, 0.0431],
[6.04546, 1.12002, 3.11085, 0.04305],
[6.15358, 1.20159, 3.21002, 0.04219],
[6.25965, 1.28812, 3.31561, 0.04129],
[6.36357, 1.37931, 3.42194, 0.0404],
[6.46525, 1.47484, 3.52641, 0.03956],
[6.56458, 1.57441, 3.62676, 0.03878],
[6.66149, 1.67772, 3.72075, 0.03807],
[6.75589, 1.7845, 3.8061, 0.03745],
[6.8477, 1.89447, 3.88054, 0.03692],
[6.93684, 2.00737, 3.94189, 0.03649],
[7.0232, 2.12296, 3.96316, 0.03641],
[7.10669, 2.241, 3.91162, 0.03696],
[7.18721, 2.36128, 3.85054, 0.03759],
[7.26463, 2.48358, 3.78424, 0.03825],
[7.33882, 2.60771, 3.71771, 0.0389],
[7.40962, 2.73346, 3.65647, 0.03947],
[7.47689, 2.86064, 3.60663, 0.03989],
[7.54044, 2.98906, 3.57521, 0.04008],
[7.60011, 3.11853, 3.56862, 0.03995],
[7.65574, 3.24886, 3.56862, 0.03971],
[7.70716, 3.37985, 3.56862, 0.03943],
[7.75425, 3.51132, 3.52295, 0.03964],
[7.79694, 3.64309, 3.39187, 0.04084],
[7.83521, 3.77498, 3.24308, 0.04235],
[7.86909, 3.90685, 2.94449, 0.04624],
[7.89872, 4.03856, 2.69314, 0.05013],
[7.92424, 4.16998, 2.43732, 0.05493],
[7.94552, 4.30098, 2.14146, 0.06197],
[7.96231, 4.43139, 1.8908, 0.06954],
[7.97432, 4.56104, 1.6832, 0.07735],
[7.98069, 4.6896, 1.49482, 0.08611],
[7.98055, 4.81667, 1.3, 0.09774],
[7.97278, 4.94167, 1.3, 0.09634],
[7.95561, 5.06369, 1.3, 0.09478],
[7.92706, 5.18139, 1.3, 0.09317],
[7.88508, 5.293, 1.3, 0.09172],
[7.82726, 5.39584, 1.3, 0.09076],
[7.75035, 5.48484, 1.46014, 0.08056],
[7.66003, 5.56084, 1.62615, 0.07259],
[7.56, 5.62506, 1.76563, 0.06732],
[7.45267, 5.67835, 1.94851, 0.0615],
[7.34008, 5.722, 2.08627, 0.05788],
[7.22354, 5.75678, 2.21406, 0.05493],
[7.10404, 5.78331, 2.33351, 0.05246],
[6.98237, 5.80218, 2.46024, 0.05004],
[6.85917, 5.81395, 2.54312, 0.04867],
[6.7349, 5.81895, 2.57035, 0.04839],
[6.60993, 5.8172, 2.71303, 0.04606],
[6.48465, 5.80933, 2.74201, 0.04578],
[6.3593, 5.79538, 2.77658, 0.04542],
[6.23415, 5.77545, 2.80332, 0.04521],
[6.10944, 5.74962, 2.83939, 0.04486],
[5.98536, 5.71797, 2.87156, 0.04459],
[5.86211, 5.68059, 2.91053, 0.04425],
[5.73988, 5.6376, 2.96443, 0.04371],
[5.6188, 5.58915, 3.0448, 0.04283],
[5.499, 5.53547, 3.15971, 0.04155],
[5.38052, 5.47692, 3.31491, 0.03987],
[5.2634, 5.4139, 3.51916, 0.03779],
[5.14763, 5.34691, 3.78883, 0.0353],
[5.03314, 5.27649, 4.0, 0.0336],
[4.91984, 5.20326, 4.0, 0.03373],
[4.8076, 5.1278, 4.0, 0.03381],
[4.69631, 5.05066, 4.0, 0.03385],
[4.58598, 4.97231, 3.60405, 0.03755],
[4.47688, 4.89335, 3.07783, 0.04376],
[4.36981, 4.81473, 2.69089, 0.04936],
[4.26343, 4.73744, 2.27676, 0.05776],
[4.15639, 4.66158, 2.27676, 0.05762],
[4.04827, 4.58806, 2.27676, 0.05743],
[3.93857, 4.51801, 2.27676, 0.05717],
[3.82675, 4.45264, 2.27676, 0.05689],
[3.71223, 4.39334, 2.27676, 0.05664],
[3.59404, 4.34248, 2.5413, 0.05063],
[3.473, 4.2984, 2.81866, 0.0457],
[3.34967, 4.2599, 3.14072, 0.04114],
[3.22449, 4.22594, 3.44786, 0.03762],
[3.0978, 4.19579, 3.76085, 0.03463],
[2.96986, 4.16891, 4.0, 0.03268],
[2.84091, 4.14481, 4.0, 0.0328],
[2.71118, 4.12305, 4.0, 0.03288],
[2.58092, 4.10316, 4.0, 0.03294],
[2.45031, 4.08473, 4.0, 0.03297],
[2.31951, 4.06733, 3.43874, 0.03837],
[2.18861, 4.05062, 2.89568, 0.04557],
[2.06042, 4.03461, 2.51317, 0.0514],
[1.93273, 4.01776, 2.18011, 0.05908],
[1.80603, 3.9992, 1.92252, 0.06661],
[1.68086, 3.97805, 1.69778, 0.07477],
[1.55779, 3.95335, 1.48163, 0.08472],
[1.43763, 3.92386, 1.34762, 0.09181],
[1.32124, 3.8883, 1.34762, 0.09031],
[1.20978, 3.84516, 1.34762, 0.08868],
[1.10467, 3.79291, 1.34762, 0.0871],
[1.00783, 3.72983, 1.34762, 0.08576],
[0.92249, 3.6538, 1.34762, 0.08482],
[0.85266, 3.56436, 1.48655, 0.07633],
[0.79694, 3.46607, 1.64154, 0.06883],
[0.75354, 3.36207, 1.76687, 0.06378],
[0.72117, 3.25435, 1.87751, 0.05991],
[0.69881, 3.14428, 1.98251, 0.05665],
[0.68557, 3.03287, 2.08893, 0.05371],
[0.68057, 2.92086, 2.18309, 0.05136]]